2.205996166127691865e+08 1.693023789923350513e+08 1.830365751910725236e+08 3.398548665516110063e+08 4.312090670740790963e+08
5.541197759402447194e+07 4.229761736611817777e+07 4.243119771826479584e+07 7.444121185157085955e+07 9.379622003708015382e+07
1.391882576349862851e+07 1.057311185316543095e+07 9.776289100411850959e+06 1.595842607595802844e+07 1.991976692798905075e+07
3.490089074320624117e+06 2.646575813575860579e+06 2.240653191935244016e+06 3.324812622519087978e+06 4.093229652100782376e+06
8.495771300515399780e+05 6.644148327199292835e+05 5.128573162338756374e+05 6.664838974498909665e+05 8.018814806971035432e+05
1.591102276971092215e+05 1.673419386873402691e+05 1.187361328348698298e+05 1.273567155623918661e+05 1.463488493422226747e+05
2.823640347288334669e+04 4.083346547368886968e+04 2.860871419666162183e+04 2.276139486583411053e+04 2.382604819392297213e+04
6.115085488279029960e+03 7.369099384665526486e+03 7.445118330057200183e+03 3.910216640110043500e+03 3.108350466976968619e+03
1.090156792421376622e+03 1.102161424759837701e+03 1.886581618086125445e+03 6.792202097544657136e+02 1.910711017795479734e+02
1.116779723315702171e+02 1.116779723315702171e+02 8.563709677566558298e+01 2.531683327705956899e+01 -1.661723281474925500e+02
