1.760390022513281405e+08 2.805781660877941847e+08 1.006186735333770514e+09 1.478524449098261833e+09 1.489351752803702593e+09
4.349010617086161673e+07 5.781624134035941958e+07 2.104199720115287602e+08 3.137770534998129010e+08 3.121506713243728876e+08
1.077386988330682553e+07 1.139290603210401163e+07 4.222921634834321588e+07 6.438155665028106421e+07 6.288031185110127926e+07
2.689411173034582753e+06 2.108955792159212753e+06 7.989425652326337062e+06 1.256983549319719337e+07 1.191820966764148884e+07
6.826306876552298199e+05 3.625518986559147597e+05 1.360894523773845285e+06 2.267075421976743732e+06 2.036210610226198798e+06
1.756745716969868517e+05 6.281507226712775446e+04 1.932991422107695835e+05 3.564673646272133337e+05 2.814208894100558246e+05
3.958091534141154261e+04 1.649048927115240804e+04 1.712618011395670692e+04 4.153123536229463934e+04 1.895642063742682512e+04
5.702974330109683251e+03 7.791640092647221536e+03 -2.814167666633592830e+02 1.211277546955606340e+03 -4.517677050675324608e+03
9.384375269117937250e+02 2.300165442150687340e+03 2.641102782978368424e+01 -9.363020060245153218e+02 -1.746224474801718316e+03
1.208415308744266099e+02 -9.225870700245297940e+01 -1.390361228558901985e+02 -7.475375049174142532e+02 -4.712882658597837349e+02
