3.338455743050858378e+08 2.015509262040531337e+08 2.113033040539235771e+08 3.581831726145329475e+08 4.350576335574080348e+08
8.385848787284041941e+07 5.039808753146409988e+07 4.953147900712349266e+07 7.904507417555508018e+07 9.476293622854414582e+07
2.106585236022246256e+07 1.260786327184130810e+07 1.155979921515844204e+07 1.711486400368589163e+07 2.016259505569366738e+07
5.291292964772187173e+06 3.157703046585141681e+06 2.688650962275438011e+06 3.615296698863267433e+06 4.154225319854964968e+06
1.321857642753962893e+06 7.928862242843934800e+05 6.253900236044813646e+05 7.394502091084884014e+05 8.172028997003443073e+05
2.851336125891552656e+05 1.999435962608298578e+05 1.470047816437310248e+05 1.456850541013590700e+05 1.501974157956780691e+05
3.428471008077535953e+04 5.026984442292054155e+04 3.571321211142640823e+04 2.736530633579802452e+04 2.479276438214471636e+04
6.115085488279029960e+03 1.023331004479336480e+04 9.248802196993281541e+03 5.070337286898912680e+03 3.351180711616130338e+03
1.090156792421376622e+03 1.186945649844933314e+03 2.505405552675188574e+03 9.953270543068989582e+02 2.521145901251188093e+02
1.116779723315702171e+02 1.116779723315702171e+02 2.703117952431448998e+02 1.466419290342799968e+02 -1.494803044786577004e+02
