3.217497675834687352e+08 3.857319203597090244e+08 1.083649101122752666e+09 1.495320603575716972e+09 1.491899926803065062e+09
8.009114181112098694e+07 8.422969042247125506e+07 2.298776397963513434e+08 3.179960567463541031e+08 3.127907436927527785e+08
1.996795025670300797e+07 1.802769884509037435e+07 4.711676411794645339e+07 6.544132234800351411e+07 6.304109076034258306e+07
4.999538140597450547e+06 3.775592274072532076e+06 9.217127234367571771e+06 1.283603660020360351e+07 1.195859550359349512e+07
1.264368791749104392e+06 7.812535302797793411e+05 1.669288075132618193e+06 2.333942117000986356e+06 2.046355073550532106e+06
3.247568616986524430e+05 1.680223443048702902e+05 2.707761560258793179e+05 3.732635199280516827e+05 2.839690633937378880e+05
7.820758510743980878e+04 4.287714900402259809e+04 3.659323551192816376e+04 4.575024063361775916e+04 1.959649301298575301e+04
9.420409718495062407e+03 1.454455633386883346e+04 4.607308983389510104e+03 2.271043281887305056e+03 -4.356898141029000726e+03
9.552199930441062179e+02 4.697805565777935954e+03 1.266133393986857982e+03 -6.700992097486573584e+02 -1.705838636510195556e+03
1.208415308744266099e+02 6.124671649952781394e+01 2.102051491734649460e+02 -6.805519928791543407e+02 -4.611435446001702871e+02
