1.073538874046117365e+08 1.370538158531461656e+08 1.547698432979872823e+08 3.215265604010751843e+08 4.273605005907502174e+08
2.696636946820163354e+07 3.419711324703060836e+07 3.533091089926419407e+07 6.983734932793709636e+07 9.282950384561598301e+07
6.775344222170721740e+06 8.538289720242904499e+06 7.992769543560288846e+06 1.480198771086453088e+07 1.967693880028271303e+07
1.702699952465564711e+06 2.135306396841587033e+06 1.792641059588820674e+06 3.034327644564411603e+06 4.032233984337470029e+06
4.277735117619293160e+05 5.356734953243130585e+05 4.003074324517233763e+05 5.935159112888121745e+05 7.865600616498868912e+05
1.084899347854972148e+05 1.343257304295363429e+05 9.045864074937820260e+04 1.090258713975710707e+05 1.425002827119440481e+05
2.745364150067286755e+04 3.190930702133421073e+04 2.151317318883028565e+04 1.815572725789876495e+04 2.285933160320990646e+04
6.115085488279029960e+03 6.244461556040679170e+03 5.682065287828528199e+03 2.753581782793422917e+03 2.865522333408131999e+03
1.090156792421376622e+03 1.094049524610584058e+03 1.324162960929033034e+03 3.864833893082026748e+02 1.300751542166821650e+02
1.116779723315702171e+02 1.116779723315702171e+02 3.266941527427729852e+01 -5.909243930121500910e+01 -1.815147231887102919e+02
