4.674604592162491679e+08 4.908856618313575387e+08 1.161111466257591963e+09 1.512116758053172112e+09 1.494448100802427530e+09
1.166920203746950179e+08 1.106431161633096486e+08 2.493353061602664888e+08 3.222150599928936362e+08 3.134308160611325502e+08
2.916170541346361116e+07 2.466245184267815202e+07 5.200430892271196097e+07 6.650108804571625590e+07 6.320186966958390176e+07
7.309023190845211037e+06 5.442168192237068899e+06 1.044482300315250456e+07 1.310223770715936832e+07 1.199898133954528905e+07
1.844951249788751593e+06 1.199882041837812169e+06 1.977671386377303163e+06 2.400808811783860903e+06 2.056499536873847013e+06
4.724569866321009467e+05 2.731857576112405513e+05 3.482387411610290874e+05 3.900596742752658320e+05 2.865172373732677661e+05
1.218820166127462144e+05 6.931638236137048807e+04 5.605120869197793218e+04 4.996924386654171394e+04 2.023656537893336281e+04
2.022671955932140190e+04 2.131696458484147297e+04 9.513275221877054719e+03 3.330821598642110075e+03 -4.196119174893608033e+03
1.168542211178287971e+03 7.316924717337514267e+03 2.611253725016488715e+03 -4.036351992574337260e+02 -1.665451314161281061e+03
1.208415308744266099e+02 6.826354872876108857e+02 6.409813669959241906e+02 -6.066118091684575120e+02 -4.509278330205467569e+02
