4.851528548698800087e+09 4.953171246658537865e+09 5.266525807249293327e+09 6.605520724848982811e+09 1.100361215828171730e+10
1.014840573280440807e+09 1.031808336110124350e+09 1.090575432877538681e+09 1.367835122289106846e+09 2.290738934964474201e+09
2.038985194907806218e+08 2.060881962198248804e+08 2.158568634090103209e+08 2.706751682636269331e+08 4.568252825479593277e+08
3.850602884120849520e+07 3.857289679895276576e+07 3.979240663370605558e+07 4.986647717765944451e+07 8.515096548489156365e+07
6.537413474979519844e+06 6.457605834085765295e+06 6.473692872781925835e+06 8.093734211496077478e+06 1.408125443738491833e+07
8.840320689971828833e+05 8.550926790624635760e+05 7.956772115557463840e+05 9.697191935566667235e+05 1.768349584747385466e+06
4.254440788380414597e+04 4.444317887657626125e+04 1.895800220588023149e+04 7.774983441609037072e+03 3.807196846926680882e+04
-2.611452711265294056e+04 -2.159798446705501556e+04 -2.774762187196570812e+04 -4.233188519128294865e+04 -7.312570723264195840e+04
-9.776248548473988194e+03 -9.545771129795261004e+03 -9.841787114188733540e+03 -1.501640211184034706e+04 -2.880738217482627806e+04
-1.718141249433932217e+03 -1.718141249433932217e+03 -1.616164542201930999e+03 -2.458900884122349453e+03 -5.255695717012440582e+03
