6.083121099342625618e+09 7.329355018425560951e+09 1.293773499832147217e+10 2.946890587556571579e+10 6.929897134663803101e+10
1.288045229763296366e+09 1.526227881422369957e+09 2.714576988695847988e+09 6.179618755837911606e+09 1.457119946007635117e+10
2.634485250609313548e+08 3.050062709527990818e+08 5.481723275885888338e+08 1.246023678538704872e+09 2.949055869783556938e+09
5.120150081019597501e+07 5.738158045943469554e+07 1.046493583213348389e+08 2.365787633416888714e+08 5.626969907834392786e+08
9.187896403741078451e+06 9.821737903413616121e+06 1.832609390116646141e+07 4.052005649576600641e+07 9.695753016498374939e+07
1.451647824009011034e+06 1.431130206429800251e+06 2.690769372214771342e+06 5.619575876502213068e+06 1.349838234760227427e+07
1.977333533493565628e+05 1.500921050250127737e+05 2.591296679866754566e+05 3.475933381756222225e+05 8.064042670933422633e+05
2.009158978117353399e+04 3.732122180324548026e+03 -5.792820058090856037e+03 -1.363084027772046102e+05 -3.530724000296764425e+05
-4.217646564524961832e+03 -2.504746833111765682e+03 -8.801694822102594117e+03 -6.644150781416792597e+04 -1.706515423623529787e+05
-1.222330570600114015e+03 -4.839130111373865475e+02 -1.574850903003428812e+03 -1.193776161170930391e+04 -3.206693211373238228e+04
