4.768138836142907143e+09 4.904790759041645050e+09 5.264774772630715370e+09 6.594834290986970901e+09 1.100110838931035423e+10
9.938912273702889681e+08 1.019655376574619651e+09 1.090135454207581043e+09 1.365150809902871370e+09 2.290110016634807110e+09
1.986328459961889982e+08 2.030351711804143190e+08 2.157462073423145413e+08 2.700008973333681822e+08 4.566673054065595865e+08
3.717926416272316128e+07 3.780567796211699396e+07 3.976448524846758693e+07 4.969710525553566962e+07 8.511128342120045424e+07
6.199778928244808689e+06 6.264569228328398429e+06 6.466582493970128708e+06 8.051186892362014391e+06 1.407128675366064534e+07
7.965854027941027889e+05 8.062823506312794052e+05 7.938393028116560308e+05 9.590293407522428315e+05 1.765845815795494476e+06
2.591804156694837366e+04 3.183956077267128785e+04 1.849222008608477699e+04 5.089665333113952329e+03 3.744305014198258868e+04
-2.611452711265294056e+04 -2.492016657235086677e+04 -2.789436362317563544e+04 -4.317848906021122093e+04 -7.328369246187321551e+04
-9.776248548473988194e+03 -9.791520200950833896e+03 -9.900172821913512962e+03 -1.544158570065917229e+04 -2.884711943246639930e+04
-1.718141249433932217e+03 -1.718141249433932217e+03 -1.719178522122346976e+03 -2.710970654242416003e+03 -5.266075566830522803e+03
