4.684754815126498222e+09 4.856374974933511734e+09 5.262972073059916496e+09 6.584144590679670334e+09 1.099860462033892822e+10
9.729490371879938841e+08 1.007481421611355186e+09 1.089661995117582560e+09 1.362463864333665371e+09 2.289481098305015087e+09
1.933761274357137978e+08 1.999709660149810910e+08 2.156150139761068225e+08 2.693245971286597252e+08 4.565093282648824453e+08
3.586354826062848419e+07 3.703364461984406412e+07 3.972500742737869173e+07 4.952627562484382838e+07 8.507160135693174601e+07
5.875047461973772384e+06 6.070405907126193866e+06 6.453861222786270082e+06 8.007713064837465994e+06 1.406131906886287034e+07
7.210301789414157392e+05 7.580542920594761381e+05 7.899621923601353774e+05 9.478862353212640155e+05 1.763342045289730420e+06
1.190381755609343418e+04 2.022452333556154554e+04 1.769370906113111050e+04 2.334022154297387715e+03 3.681413122602648218e+04
-2.611452711265294056e+04 -2.748328992580802515e+04 -2.801088186302294343e+04 -4.385704539468904113e+04 -7.344166960404357815e+04
-9.776248548473988194e+03 -1.034371677408309733e+04 -1.002834554393262988e+04 -1.562287580089295625e+04 -2.888680150448034692e+04
-1.718141249433932217e+03 -1.718141249433932217e+03 -1.839365938779940961e+03 -2.775369569094119925e+03 -5.276043449709235574e+03
