5.729091794806957245e+09 7.100014964534327507e+09 1.246136494433692551e+10 2.931225768906953812e+10 6.926750897882034302e+10
1.200531387369613409e+09 1.468718057864307404e+09 2.595003874173889637e+09 6.140287396433145523e+09 1.456329887785136223e+10
2.422883397184056342e+08 2.906228528403311968e+08 5.181940990516653061e+08 1.236155682415410519e+09 2.947073020376758575e+09
4.632610325016877055e+07 5.380666881564428657e+07 9.715598207034336030e+07 2.341077463404095769e+08 5.622000701702013016e+08
8.167825378472961485e+06 8.945712913059113547e+06 1.646652649373946525e+07 3.990430278637001663e+07 9.683346499155840278e+07
1.262347367238961393e+06 1.222948242136252346e+06 2.236910822526437696e+06 5.467924338810294867e+06 1.346769548092153668e+07
1.482662231839432498e+05 1.037184090725073765e+05 1.523564235236832756e+05 3.112423250170780811e+05 7.989817233669959242e+05
1.337201318481813360e+03 -5.345134471669090090e+03 -3.902386581895822746e+04 -1.450032989334904705e+05 -3.550330830604506191e+05
-5.972776294454194613e+03 -4.117719390408812615e+03 -1.958428843350999887e+04 -6.883561857684918505e+04 -1.715014891649039055e+05
-1.222330570600114015e+03 -1.140587343146136391e+03 -3.862289084202975118e+03 -1.330161969695165317e+04 -3.307246626245573862e+04
