5.360147301823028564e+09 6.805177486858237267e+09 1.191454006877105713e+10 2.915555746510704803e+10 6.923603229914089966e+10
1.108261756019890785e+09 1.389712061193959951e+09 2.450038889934548378e+09 6.100925715556570053e+09 1.455538986112781906e+10
2.196792000414031744e+08 2.696247885450634360e+08 4.794970965865263939e+08 1.226270752682646275e+09 2.945085399590464115e+09
4.101316771980459243e+07 4.839813546156103909e+07 8.688982306906369328e+07 2.316278789524124265e+08 5.617006179257395267e+08
7.001853619307328947e+06 7.648762991473166272e+06 1.383747775305636786e+07 3.928443375781792402e+07 9.670820248711170256e+07
1.018875362870628480e+06 9.519887331794098718e+05 1.625625878980526468e+06 5.314801976649853401e+06 1.343657918032736704e+07
8.912180880798344151e+04 5.757303212214484665e+04 4.105314814903740626e+04 2.747832555787713500e+05 7.915581610363071086e+05
-1.149244110874003127e+04 -1.441033365475443316e+04 -6.227190387516475312e+04 -1.532008124438941304e+05 -3.567369833745686337e+05
-7.433971380218657941e+03 -5.786307628483110420e+03 -2.391709853283005941e+04 -7.044229607623544871e+04 -1.718465938646900759e+05
-1.222330570600114015e+03 -1.766174608035829806e+03 -4.472035539141072150e+03 -1.351789286072855430e+04 -3.312188471358815877e+04
