5.460398748967959732e+07 6.328221411705362052e+07 7.644619183574442565e+07 1.492531552414581180e+08 1.936321683907444775e+08
1.371653422956914455e+07 1.579547329515940323e+07 1.762987578345178440e+07 3.263692248511316627e+07 4.218773869101572782e+07
3.446101638423004653e+06 3.945727355729322881e+06 4.037653287190893665e+06 6.982630069484880194e+06 8.980459414357513189e+06
8.649971852337952005e+05 9.875571726511417655e+05 9.196433443694879534e+05 1.451786551264170324e+06 1.852101229429828003e+06
2.149088467088698526e+05 2.480612720065557805e+05 2.094297495058354398e+05 2.905002932908764342e+05 3.653529253098586923e+05
5.163948775977671903e+04 6.225271721332186280e+04 4.843873219349786814e+04 5.527703580224128382e+04 6.757974837443209253e+04
1.228687234075226115e+04 1.466087060309228036e+04 1.176921037319140669e+04 9.907710033120625667e+03 1.128785076032711368e+04
2.728551047368991021e+03 2.800485824969284295e+03 3.070073385117403177e+03 1.683038317479644320e+03 1.476994464591492260e+03
5.006715785143994708e+02 5.011693901534283668e+02 6.480296244177629887e+02 2.591470366322095060e+02 3.291702510177844943e+01
5.389418317589600349e+01 5.389418317589600349e+01 2.437075416235614256e+01 3.344700076629769825e+01 -8.486224200739151513e+01
