1.552670583203552365e+08 9.194759871106743813e+07 1.015721745664365590e+08 1.655449829042373896e+08 1.970531163759261072e+08
3.900214937858793885e+07 2.299591140475004911e+07 2.394123978247008473e+07 3.672924466871286184e+07 4.304704197231768817e+07
9.797979243134738877e+06 5.754438491154645570e+06 5.623000716947001405e+06 8.010575155416666530e+06 9.196306638988003135e+06
2.461220751886384562e+06 1.441983271998979151e+06 1.317872069669805933e+06 1.709995168577155797e+06 1.906319600789185381e+06
6.148808152211867273e+05 3.624440822984313127e+05 3.094713846539498190e+05 3.553602969816505793e+05 3.789719645340378047e+05
1.321639447880219959e+05 9.157370722760003991e+04 7.358221960731846048e+04 7.157063629135016527e+04 7.100069680315858568e+04
1.543183889811809422e+04 2.309548557743147830e+04 1.810416431054813074e+04 1.400203756362980494e+04 1.214715542618763357e+04
2.728551047368991021e+03 4.690553251236827236e+03 4.726784992607426830e+03 2.710981841908647766e+03 1.692842801581933600e+03
5.006715785143994708e+02 5.443383034877392674e+02 1.268343097799131556e+03 5.216085868973143533e+02 8.719459472845915116e+01
5.389418317589600349e+01 5.389418317589600349e+01 1.321484931603162636e+02 9.808399547418734699e+01 -7.064031089077209913e+01
