2.163932306682859361e+08 2.464570317415528297e+08 5.441181534060015678e+08 6.920448145422646999e+08 6.819039776902844906e+08
5.403687165997549891e+07 5.629683858581931889e+07 1.178746126241367757e+08 1.482361169872279167e+08 1.437577787783042789e+08
1.351034705250352621e+07 1.275223807192409039e+07 2.490389425221976638e+07 3.082460746808384359e+07 2.921429786023160815e+07
3.388743918506731279e+06 2.871889587345222011e+06 5.090038254224693403e+06 6.145335804207649082e+06 5.618902848234837875e+06
8.565019798796548275e+05 6.494344838706421433e+05 9.952137032757585403e+05 1.149471580488441046e+06 9.879850587151224026e+05
2.197928104837922147e+05 1.518174733602203196e+05 1.844838582551216823e+05 1.954019670878571342e+05 1.469016033613852924e+05
5.682598630992625112e+04 3.901162715696495434e+04 3.294552923605534306e+04 2.805978754993475741e+04 1.466447384899798453e+04
9.355912471357183676e+03 1.169230527764536055e+04 6.268968685256914796e+03 2.744005698105325791e+03 -9.608915328445636987e+02
5.208341699593313479e+02 3.745968486563595434e+03 1.497422653190410301e+03 -1.987607967100450423e+02 -1.093374871445238796e+03
3.895836197641547471e+01 3.128899810331921572e+02 4.247660796785660295e+02 -2.775451430162993915e+02 -4.997516677126506579e+02
