8.687257284923928976e+07 1.529870328509356976e+08 4.752627173709662557e+08 6.771148994511898756e+08 6.796389341352918148e+08
2.150266395295549929e+07 3.281822575963743031e+07 1.005789084019239843e+08 1.444858918791883588e+08 1.431888255619663298e+08
5.337921185844773427e+06 6.854658035434320569e+06 2.055940831753395125e+07 2.988259351453828067e+07 2.907138327423925698e+07
1.335455777869042940e+06 1.390452339348843321e+06 3.998749797422374133e+06 5.908712597902029753e+06 5.583004327388256788e+06
3.396127584479349316e+05 2.772655171081636799e+05 7.210891080688617658e+05 1.090034517859282903e+06 9.789677579807221191e+05
8.718400516011209402e+04 5.826616243564749311e+04 1.156187536977727141e+05 1.804720495947890449e+05 1.446365598129693826e+05
1.912613416684679760e+04 1.540226190214236522e+04 1.563964050402291286e+04 2.430955534505167088e+04 1.409552060262900523e+04
2.540032981677973112e+03 5.373122437977768641e+03 1.924493932522071191e+03 1.801982654087428955e+03 -1.103806167715265929e+03
4.137825059264685024e+02 1.137176607955835607e+03 3.911121766425993087e+02 -4.357207181755219381e+02 -1.129275165385381342e+03
3.895836197641547471e+01 -4.008426179739404915e+01 1.328956724422025673e+02 -3.402618111248349919e+02 -5.087892541856627417e+02
