1.049355138501431644e+08 7.761491104412934184e+07 8.900918396022915840e+07 1.573990690984848142e+08 1.953426423833355308e+08
2.635922543848616257e+07 1.939570237353746220e+07 2.078555920767088979e+07 3.468308363579029590e+07 4.261739033166707307e+07
6.621403131031896919e+06 4.850104252218626440e+06 4.830329546974021941e+06 7.496602742924444377e+06 9.088383026674831286e+06
1.660218235931123141e+06 1.214814503050974570e+06 1.118761918038906297e+06 1.580891133970780065e+06 1.879210415120656136e+06
4.032677548212762340e+05 3.053411146377590485e+05 2.594567205646657967e+05 3.229308225630947854e+05 3.721624449770118226e+05
7.358725420859947917e+04 7.706470655246972456e+04 6.101784702036822273e+04 6.342469895451259799e+04 6.929022282354951312e+04
1.256072364709806243e+04 1.882554274587758118e+04 1.494433625164664045e+04 1.195582516486634631e+04 1.171750378491597257e+04
2.728551047368991021e+03 3.345913929841363824e+03 3.915133451267386135e+03 2.197001797358996100e+03 1.584918081577213798e+03
5.006715785143994708e+02 5.049965527849026330e+02 9.594349617079756172e+02 3.887189970779497799e+02 6.002673154612000417e+01
5.389418317589600349e+01 5.389418317589600349e+01 4.846904486156314817e+01 6.486713755468441889e+01 -7.803891213071186428e+01
