1.516329231910569668e+08 1.997220355295510590e+08 5.096904355682306290e+08 6.845798569967281818e+08 6.807714559127881527e+08
3.776981418286835402e+07 4.455753824708703160e+07 1.092267609065812677e+08 1.463610044332103133e+08 1.434733021701355577e+08
9.424232302385661751e+06 9.803458924162434414e+06 2.273165211574153975e+07 3.035360049132267386e+07 2.914284056723549590e+07
2.362300704389874823e+06 2.131189028488543816e+06 4.544395686391147785e+06 6.027024201116170734e+06 5.600953587811836973e+06
5.984431862155182753e+05 4.633767591212259140e+05 8.581544394461392658e+05 1.119753049473649822e+06 9.834764083492056234e+05
1.540555406566142046e+05 1.050756712371906906e+05 1.500559928636694676e+05 1.879370095984666841e+05 1.457690815927018994e+05
3.706844289885844046e+04 2.725017720524450851e+04 2.429737769833610218e+04 2.618467499033932108e+04 1.437999724189897461e+04
4.322949690910694699e+03 8.635991847367175069e+03 4.096687875228764824e+03 2.272989670932813624e+03 -1.032348874510640599e+03
4.217292745841303940e+02 2.439098594024922022e+03 9.388824294122644005e+02 -3.174058692331166185e+02 -1.111325901131397131e+03
3.895836197641547471e+01 3.009326018956509330e+01 2.783647046960409170e+02 -3.104610115892321005e+02 -5.042804929178167299e+02
