2.575605433369114876e+09 3.347887526437479496e+09 5.731271652036398888e+09 1.328239374221499825e+10 3.112352745852515793e+10
5.410205533987016678e+08 7.011467196141339540e+08 1.201918407964355707e+09 2.793131551619367123e+09 6.557865879094468117e+09
1.095902318673515618e+08 1.413882022737497389e+08 2.426117307054711878e+08 5.656054183270243406e+08 1.331191983313060045e+09
2.108549068974812701e+07 2.701124046413994953e+07 4.630387178423117101e+07 1.081730089965166450e+08 2.553356255133665800e+08
3.761230125427686144e+06 4.766608625219026580e+06 8.082559601763377897e+06 1.879590767099213228e+07 4.445240917150498927e+07
5.956637786994588096e+05 7.452249359399351524e+05 1.198241249263716862e+06 2.691676907088731416e+06 6.325778298862583004e+06
7.502084132986793702e+04 9.640129148020927096e+04 1.174223941614022769e+05 2.009770246798727894e+05 4.350865043097745511e+05
3.670707397361749827e+03 8.982682249312696513e+03 -7.225342833389187945e+03 -5.333101130993234256e+04 -1.448965407008337206e+05
-1.024503784771565734e+03 1.162136831867942988e+02 -8.007075808422758200e+03 -3.177335107053781758e+04 -8.037796289796187193e+04
-1.171970954774085101e+02 -3.109957663917471109e+02 -2.453190378535525724e+03 -8.924979628980645430e+03 -2.142666544414380769e+04
