2.365936274720921993e+09 2.446730869504845142e+09 2.644156026983554840e+09 3.225059667881957054e+09 5.176506846824477196e+09
5.037304286536596417e+08 5.202428062225000858e+08 5.609479555147153139e+08 6.806451408171727657e+08 1.089984664428743601e+09
1.038638636815223396e+08 1.070915096830155700e+08 1.151075982750362158e+08 1.385962497274237573e+08 2.211253347815310359e+08
2.044250253636505082e+07 2.104162695769475400e+07 2.250985026550011337e+07 2.676719921591393277e+07 4.240755597567195445e+07
3.742115976638145745e+06 3.851051673580413684e+06 4.090116821252538823e+06 4.752480620973735116e+06 7.405966736203342676e+06
6.036138315980727784e+05 6.262235046560851624e+05 6.577956445546416799e+05 7.228344745916078100e+05 1.075009594023438403e+06
7.576054911494036787e+04 8.055362519657574012e+04 8.367633978544938145e+04 7.533320406691674725e+04 8.776402386466492317e+04
5.755985235941092469e+03 4.701936364849821985e+03 5.300844798208143402e+03 -2.354701889290805411e+03 -1.679886460126980091e+04
-7.221954439961502885e+02 -1.078679511407171958e+03 -9.564101281291394798e+02 -3.799830793404903943e+03 -1.050519701149212960e+04
-1.937893472031188082e+02 -1.937893472031188082e+02 -3.245338879435831814e+02 -9.972985669782127616e+02 -2.743670794595655934e+03
