2.475347752846567154e+09 3.345328430182793140e+09 5.711441100885298729e+09 1.327755372237014961e+10 3.112276165457220840e+10
5.158232349388688803e+08 7.004651058197909594e+08 1.196931116589248180e+09 2.791915793603394985e+09 6.557673517838907242e+09
1.032563299521765858e+08 1.411935619634953737e+08 2.413545788602502346e+08 5.653000337209008932e+08 1.331143664350417614e+09
1.949522028396458551e+07 2.694946426182296127e+07 4.598513719730289280e+07 1.080962998505722284e+08 2.553234883387099802e+08
3.362977679328136612e+06 4.745029923881573603e+06 8.000761397277859971e+06 1.877663920228962600e+07 4.444936045102782547e+07
4.961456957980472944e+05 7.376511597627440933e+05 1.176924316549282521e+06 2.686836882843614556e+06 6.325012494827819988e+06
5.056180591333159828e+04 9.400516136593444389e+04 1.119698570500649803e+05 1.997612625304404646e+05 4.348941429718537256e+05
-2.260287791658448441e+03 8.106551463356257955e+03 -8.478903753259570294e+03 -5.363639591638032289e+04 -1.449448596635758295e+05
-2.246682681278571181e+03 -4.366405670263535512e+02 -8.334637062751906342e+03 -3.185006022218402359e+04 -8.039010007269981725e+04
-1.171970954774085101e+02 -4.725343309133107823e+02 -2.541497788185395621e+03 -8.944248157125821308e+03 -2.142971416483432404e+04
