2.440057934086389542e+09 2.489750166491483688e+09 2.645736552691748619e+09 3.234560229808018684e+09 5.178732419243495941e+09
5.223488891391916275e+08 5.310537648058800101e+08 5.613548049005727768e+08 6.830324232434380054e+08 1.090543702944060326e+09
1.085404823726631552e+08 1.098094950162944943e+08 1.152157978688477874e+08 1.391965592603716254e+08 2.212657589073495567e+08
2.161693834995616600e+07 2.172513840824363381e+07 2.254038795954205468e+07 2.691845504198462889e+07 4.244282892145047337e+07
4.036500871307366528e+06 4.022686002439891919e+06 4.099415250977669377e+06 4.790767594725810923e+06 7.414826900044754148e+06
6.760591160673026461e+05 6.692106504884727765e+05 6.607417459510830231e+05 7.325948717326479964e+05 1.077235167281734757e+06
8.937858926058956422e+04 9.131699718349413888e+04 8.456731133641049382e+04 7.781149917603797803e+04 8.832306323135530693e+04
5.755985235941092469e+03 7.317627602878827929e+03 5.597711172440371229e+03 -1.741705485266704272e+03 -1.665843962029617251e+04
-7.221954439961502885e+02 -7.147508983364923552e+02 -7.705274660609587727e+02 -3.601288366086167571e+03 -1.046991695109090142e+04
-1.937893472031188082e+02 -1.937893472031188082e+02 -2.350453619902190781e+02 -9.403322397543142870e+02 -2.734789699633335204e+03
