2.402996151299797535e+09 2.468247737724336624e+09 2.644958311542276859e+09 3.229810703623889923e+09 5.177619633034000397e+09
5.130384776432428360e+08 5.256524626705424786e+08 5.611592541354293823e+08 6.818393954754850864e+08 1.090264183686430931e+09
1.062007198942978680e+08 1.084526119374793768e+08 1.151666111506185383e+08 1.388968832197137475e+08 2.211955468445053697e+08
2.102797464645158872e+07 2.138417360817044973e+07 2.252797005572000891e+07 2.684317850522183627e+07 4.242519244869887829e+07
3.887390628462109715e+06 3.936918776409200858e+06 4.096243614385623485e+06 4.771857447133417241e+06 7.410396818389523774e+06
6.384156983861416811e+05 6.475531163308030227e+05 6.599090650714690564e+05 7.278434071178577142e+05 1.076122381080893567e+06
8.286425133061473025e+04 8.577239527007007564e+04 8.433890494722088624e+04 7.661723184602125548e+04 8.804354397477394377e+04
5.755985235941092469e+03 5.931830467069931728e+03 5.525583401002188111e+03 -2.054661127290970398e+03 -1.672865253822004161e+04
-7.221954439961502885e+02 -7.939113246020961014e+02 -8.192586333283084059e+02 -3.722372571472090385e+03 -1.048756053757687368e+04
-1.937893472031188082e+02 -1.937893472031188082e+02 -2.764655297013553650e+02 -9.764331139400911752e+02 -2.739240702777678507e+03
