2.675816240396413326e+09 3.350350675647866726e+09 5.751090482635766983e+09 1.328723376205970764e+10 3.112429326247813034e+10
5.661929170974271297e+08 7.017657086311888695e+08 1.206896680676776886e+09 2.794347309635024548e+09 6.558058240350021362e+09
1.159137909387982041e+08 1.415439625741185844e+08 2.438622259498333633e+08 5.659108029324451685e+08 1.331240302275689363e+09
2.267441422475999221e+07 2.705062494716898724e+07 4.661799358147366345e+07 1.082497181409866214e+08 2.553477626879954338e+08
4.160819226193106733e+06 4.776715378630964085e+06 8.161475824462264776e+06 1.881517613688616455e+07 4.445545789192812145e+07
6.964653327095275745e+05 7.479080382354124449e+05 1.218074707187357359e+06 2.696516926895809360e+06 6.326544102809578180e+06
1.006771029276495683e+05 9.715270571905261022e+04 1.224089544760357676e+05 2.021927826909896685e+05 4.352788655645941617e+05
9.801969104274299752e+03 9.238979226093550096e+03 -5.884515219902763420e+03 -5.302562121482040675e+04 -1.448482216052152216e+05
-7.325101892873174165e+02 3.198228758394341753e+02 -7.465498547077923831e+03 -3.169660272059245835e+04 -8.036582474203387392e+04
-1.171970954774085101e+02 -1.583637889973053916e+02 -2.309991577322281955e+03 -8.905600227184788309e+03 -2.142361349132712348e+04
